0, 0
94, 0
95, 60.53
96, 60.58
97, 60.65
98, 60.67
99, 60.69
100, 60.69
101, 60.71
102, 60.72
103, 60.75
104, 60.77
105, 60.78
106, 60.79
107, 60.76
108, 60.74
109, 60.73
110, 60.7
111, 60.76
112, 60.79
113, 60.83
114, 60.85
115, 60.84
116, 60.83
117, 60.91
118, 60.91
119, 60.91
120, 60.9
121, 60.9
122, 60.9
123, 60.91
124, 60.94
125, 60.99
126, 61.05
127, 61.08
128, 61.15
129, 61.18
130, 61.22
131, 61.25
132, 61.29
133, 61.27
134, 61.29
135, 61.27
136, 61.22
137, 61.18
138, 61.2
139, 61.21
140, 61.17
141, 61.16
142, 61.14
143, 61.12
144, 61.12
145, 61.08
146, 61.06
147, 61.08
148, 61.13
149, 61.18
150, 61.22
151, 61.25
152, 61.25
153, 61.29
154, 61.31
155, 61.34
156, 61.38
157, 61.33
158, 61.33
159, 61.3
160, 61.24
161, 61.24
162, 61.28
163, 61.29
164, 61.3
165, 61.3
166, 61.29
167, 61.24
168, 61.23
169, 61.21
170, 61.25
171, 61.2
172, 61.11
173, 61.02
174, 60.92
175, 60.99
176, 60.99
177, 60.98
178, 61.02
179, 60.99
180, 60.97
181, 61.02
182, 61.05
183, 61.08
184, 61.09
185, 61.11
186, 61.15
187, 61.18
188, 61.19
189, 61.24
190, 61.27
191, 61.25
192, 61.24
193, 61.28
194, 61.3
195, 61.3
196, 61.25
197, 61.21
198, 61.21
199, 61.17
200, 61.16
201, 61.17
202, 61.2
203, 61.16
204, 61.11
205, 61.06
206, 60.9
207, 60.73
208, 60.56
209, 60.42
210, 60.48
211, 60.51
212, 60.47
213, 60.55
214, 60.55
215, 60.55
216, 60.57
217, 60.63
218, 60.62
219, 60.59
220, 60.54
221, 60.49
222, 60.46
223, 60.37
224, 60.35
225, 60.33
226, 60.33
227, 60.25
228, 60.26
229, 60.22
230, 60.22
231, 60.23
232, 60.27
233, 60.23
234, 60.19
235, 60.18
236, 60.2
237, 60.18
238, 60.17
239, 60.16
240, 60.17
241, 60.12
242, 60.08
243, 60.01
244, 59.96
245, 59.92
246, 59.9
247, 59.89
248, 59.87
249, 59.87
250, 59.86
251, 59.8
252, 59.85
253, 59.86
254, 59.89
255, 59.86
256, 59.83
257, 59.75
258, 59.75
259, 59.78
260, 59.79
261, 59.77
262, 59.8
263, 59.79
264, 59.79
265, 59.74
266, 59.8
267, 59.91
268, 60.03
269, 60.15
270, 60.06
271, 60.03
272, 59.99
273, 59.91
274, 59.92
275, 59.98
276, 59.92
277, 59.86
278, 59.78
279, 59.76
280, 59.74
281, 59.71
282, 59.72
283, 59.79
284, 59.73
285, 59.7
286, 59.71
287, 59.68
288, 59.64
289, 59.62
290, 59.64
291, 59.71
292, 59.75
293, 59.77
294, 59.83
295, 59.87
296, 59.86
297, 59.88
298, 59.96
299, 60.06
300, 60.16
301, 60.28
302, 60.4
303, 60.51
304, 60.6
305, 60.58
306, 60.61
307, 60.61
308, 60.57
309, 60.63
310, 60.67
311, 60.69
312, 60.56
313, 60.5
314, 60.44
315, 60.4
316, 60.5
317, 60.61
318, 60.69
319, 60.72
320, 60.8
321, 60.78
322, 60.83
323, 60.87
324, 60.94
325, 61.06
326, 61.16
327, 61.13
328, 61.08
329, 60.98
330, 60.86
331, 60.84
332, 60.87
333, 60.95
334, 60.99
335, 61.02
336, 61.14
337, 61.19
338, 61.22
339, 61.2
340, 61.21
341, 61.23
342, 61.23
343, 61.19
344, 61.15
345, 61.1
346, 61.07
347, 60.93
348, 60.81
349, 60.71
350, 60.65
351, 60.6
352, 60.54
353, 60.55
354, 60.52
355, 60.59
356, 60.67
357, 60.68
358, 60.67
359, 60.65
360, 60.6
361, 60.54
362, 60.49
363, 60.49
364, 60.51
365, 60.58
366, 60.59
367, 60.69
368, 60.8
369, 60.84
370, 60.85
371, 60.89
372, 60.92
373, 60.89
374, 60.81
375, 60.73
376, 60.65
377, 60.54
378, 60.4
379, 60.32
380, 60.41
381, 60.5
382, 60.53
383, 60.56
384, 60.57
385, 60.58
386, 60.61
387, 60.65
388, 60.65
389, 60.63
390, 60.63
391, 60.68
392, 60.79
393, 60.81
394, 60.81
395, 60.7
396, 60.74
397, 60.8
398, 60.87
399, 60.95
400, 60.98
401, 61.01
402, 61.08
403, 61.12
404, 61.08
405, 61.06
406, 61.08
407, 61.16
408, 61.23
409, 61.3
410, 61.26
411, 61.08
412, 61.02
413, 60.97
414, 60.97
415, 60.89
416, 60.89
417, 60.94
418, 60.99
419, 61.0
420, 60.95
421, 60.87
422, 60.86
423, 60.91
424, 61.04
425, 61.13
426, 61.12
427, 61.11
428, 61.03
429, 60.98
430, 60.91
431, 60.91
432, 60.89
433, 60.88
434, 60.9
435, 60.9
436, 60.91
437, 60.85
438, 60.76
439, 60.73
440, 60.65
441, 60.68
442, 60.79
443, 60.86
444, 60.94
445, 61.08
446, 61.19
447, 61.31
448, 61.31
449, 61.29
450, 61.25
451, 61.16
452, 61.25
453, 61.29
454, 61.33
455, 61.39
456, 61.41
457, 61.41
458, 61.41
459, 61.46
460, 61.41
461, 61.48
462, 61.41
463, 61.37
464, 61.37
465, 61.34
466, 61.3
467, 61.36
468, 61.5
469, 61.62
470, 61.69
471, 61.76
472, 61.87
473, 61.99
474, 62.12
475, 62.01
476, 61.91
477, 61.91
478, 61.92
479, 61.93
480, 61.9
481, 61.85
482, 61.83
483, 61.76
484, 61.7
485, 61.72
486, 61.68
487, 61.61
488, 61.66
489, 61.66
490, 61.74
491, 61.67
492, 61.61
493, 61.52
494, 61.43
495, 61.32
496, 61.27
497, 61.2
498, 61.15
499, 61.18
500, 61.17
501, 61.15
502, 61.13
503, 61.17
504, 61.19
505, 61.3
506, 61.43
507, 61.45
508, 61.53
509, 61.5
510, 61.49
511, 61.47
512, 61.42
513, 61.4
514, 61.37
515, 61.37
516, 61.35
517, 61.43
518, 61.49
519, 61.51
520, 61.55
521, 61.59
522, 61.62
523, 61.66
524, 61.65
525, 61.65
526, 61.55
527, 61.58
528, 61.6
529, 61.62
530, 61.63
531, 61.65
532, 61.65
533, 61.73
534, 61.79
535, 61.83
536, 61.8
537, 61.8
538, 61.79
539, 61.77
540, 61.75
541, 61.75
542, 61.71
543, 61.66
544, 61.64
545, 61.58
546, 61.56
547, 61.5
548, 61.5
549, 61.49
550, 61.47
551, 61.52
552, 61.48
553, 61.37
554, 61.23
555, 61.15
556, 61.05
557, 60.99
558, 60.88
559, 60.77
560, 60.73
561, 60.67
562, 60.52
563, 60.38
564, 60.3
565, 60.26
566, 60.21
567, 60.22
568, 60.18
569, 60.15
570, 60.19
571, 60.16
572, 60.13
573, 60.09
574, 60.01
575, 60.05
576, 60.09
577, 60.08
578, 60.15
579, 60.15
580, 60.08
581, 60.04
582, 59.9
583, 59.74
584, 59.72
585, 59.73
586, 59.71
587, 59.76
588, 59.71
589, 59.65
590, 59.71
591, 59.65
592, 59.6
593, 59.62
594, 59.6
595, 59.59
596, 59.58
597, 59.57
598, 59.55
599, 59.52
600, 59.46
601, 59.41
602, 59.35
603, 59.33
604, 59.36
605, 59.4
606, 59.46
607, 59.47
608, 59.44
609, 59.38
610, 59.32
611, 59.3
612, 59.22
613, 59.2
614, 59.13
615, 59.05
616, 58.98
617, 58.94
618, 58.94
619, 58.98
620, 59.05
621, 59.16
622, 59.17
623, 59.16
624, 59.17
625, 59.18
626, 59.19
627, 59.25
628, 59.29
629, 59.27
630, 59.32
631, 59.36
632, 59.36
633, 59.41
634, 59.39
635, 59.37
636, 59.35
637, 59.39
638, 59.41
639, 59.41
640, 59.42
641, 59.45
642, 59.43
643, 59.47
644, 59.52
645, 59.51
646, 59.47
647, 59.58
648, 59.69
649, 59.77
650, 59.81
651, 59.87
652, 59.98
653, 60.1
654, 60.14
655, 60.13
656, 60.17
657, 60.27
658, 60.33
659, 60.35
660, 60.42
661, 60.53
662, 60.53
663, 60.58
664, 60.61
665, 60.59
666, 60.6
667, 60.59
668, 60.61
669, 60.72
670, 60.67
671, 60.59
672, 60.53
673, 60.49
674, 60.52
675, 60.56
676, 60.57
677, 60.73
678, 60.88
679, 60.93
680, 61.01
681, 61.09
682, 61.07
683, 61.17
684, 61.28
685, 61.26
686, 61.27
687, 61.27
688, 61.19
689, 61.15
690, 61.12
691, 61.11
692, 61.18
693, 61.23
694, 61.28
695, 61.34
696, 61.37
697, 61.37
698, 61.25
699, 61.17
700, 61.19
701, 61.13
702, 61.06
703, 61.0
704, 60.99
705, 61.0
706, 60.99
707, 61.03
708, 61.0
709, 61.1
710, 61.21
711, 61.3
712, 61.34
713, 61.35
714, 61.32
715, 61.26
716, 61.29
717, 61.31
718, 61.32
719, 61.28
720, 61.21
721, 61.1
722, 61.03
723, 61.0
724, 60.97
725, 60.98
726, 61.03
727, 61.08
728, 61.13
729, 61.21
730, 61.25
731, 61.3
732, 61.3
733, 61.27
734, 61.27
735, 61.22
736, 61.16
737, 61.09
738, 60.97
739, 60.94
740, 60.91
741, 60.89
742, 60.89
743, 60.88
744, 60.85
745, 60.91
746, 60.89
747, 60.83
748, 60.83
749, 60.88
750, 60.95
751, 60.98
752, 60.97
753, 61.02
754, 61.07
755, 61.08
756, 60.96
757, 60.97
758, 60.96
759, 60.94
760, 60.92
761, 60.9
762, 60.82
763, 60.76
764, 60.64
765, 60.72
766, 60.82
767, 60.93
768, 61.02
769, 61.06
770, 61.11
771, 61.16
772, 61.13
773, 61.05
774, 60.97
775, 60.82
776, 60.79
777, 60.81
778, 60.84
779, 60.82
780, 60.89
781, 60.95
782, 60.99
783, 61.0
784, 61.02
785, 60.95
786, 60.89
787, 60.81
788, 60.73
789, 60.67
790, 60.61
791, 60.54
792, 60.52
793, 60.63
794, 60.67
795, 60.6
796, 60.62
797, 60.71
798, 60.78
799, 60.82
800, 60.81
801, 60.82
802, 60.75
803, 60.66
804, 60.56
805, 60.46
806, 60.41
807, 60.43
808, 60.44
809, 60.5
810, 60.52
811, 60.45
812, 60.4
813, 60.38
814, 60.4
815, 60.46
816, 60.56
817, 60.65
818, 60.71
819, 60.74
820, 60.7
821, 60.59
822, 60.53
823, 60.58
824, 60.62
825, 60.62
826, 60.56
827, 60.51
828, 60.58
829, 60.66
830, 60.76
831, 60.87
832, 60.98
833, 61.02
834, 60.98
835, 60.95
836, 61.02
837, 60.99
838, 61.01
839, 61.04
840, 61.04
841, 61.09
842, 61.12
843, 61.06
844, 61.03
845, 60.96
846, 60.88
847, 60.82
848, 60.82
849, 60.81
850, 60.81
851, 60.89
852, 60.86
853, 60.86
854, 60.87
855, 60.88
856, 60.93
857, 60.98
858, 60.97
859, 61.06
860, 61.02
861, 60.98
862, 60.94
863, 60.9
864, 60.89
865, 60.81
866, 60.73
867, 60.75
868, 60.83
869, 60.92
870, 61.04
871, 60.97
872, 60.88
873, 60.92
874, 60.96
875, 60.95
876, 60.94
877, 60.96
878, 61.0
879, 61.07
880, 61.21
881, 61.33
882, 61.43
883, 61.49
884, 61.54
885, 61.62
886, 61.71
887, 61.8
888, 61.8
889, 61.89
890, 61.93
891, 61.95
892, 61.94
893, 61.94
894, 61.97
895, 61.95
896, 61.95
897, 62.07
898, 62.21
899, 62.31
900, 62.42
901, 62.49
902, 62.5
903, 62.54
904, 62.55
905, 62.63
906, 62.61
907, 62.57
908, 62.51
909, 62.52
910, 62.39
911, 62.23
912, 62.11
913, 62.09
914, 62.11
915, 62.15
916, 62.22
917, 62.23
918, 62.17
919, 62.15
920, 62.09
921, 62.11
922, 62.15
923, 62.13
924, 62.1
925, 61.99
926, 61.97
927, 61.96
928, 61.98
929, 62.01
930, 62.07
931, 62.02
932, 61.94
933, 61.85
934, 61.75
935, 61.71
936, 61.7
937, 61.71
938, 61.75
939, 61.77
940, 61.76
941, 61.74
942, 61.71
943, 61.6
944, 61.5
945, 61.4
946, 61.45
947, 61.45
948, 61.46
949, 61.49
950, 61.52
951, 61.52
952, 61.5
953, 61.51
954, 61.45
955, 61.49
956, 61.51
957, 61.52
958, 61.54
959, 61.56
960, 61.56
961, 61.57
962, 61.58
963, 61.53
964, 61.47
965, 61.45
966, 61.54
967, 61.63
968, 61.57
969, 61.53
970, 61.52
971, 61.51
972, 61.45
973, 61.38
974, 61.31
975, 61.24
976, 61.19
977, 61.12
978, 61.09
979, 61.09
980, 61.04
981, 60.99
982, 60.96
983, 60.9
984, 60.85
985, 60.85
986, 60.83
987, 60.75
988, 60.66
989, 60.56
990, 60.6
991, 60.57
992, 60.5
993, 60.46
994, 60.44
995, 60.42
996, 60.38
997, 60.34
998, 60.28
999, 60.25
1000, 60.19
1001, 60.2
1002, 60.27
1003, 60.35
1004, 60.34
1005, 60.47
1006, 60.57
1007, 60.66
1008, 60.68
1009, 60.66
1010, 60.62
1011, 60.56
1012, 60.51
1013, 60.39
1014, 60.31
1015, 60.27
1016, 60.2
1017, 60.17
1018, 60.15
1019, 60.18
1020, 60.28
1021, 60.24
1022, 60.21
1023, 60.22
1024, 60.27
1025, 60.34
1026, 60.35
1027, 60.42
1028, 60.5
1029, 60.57
1030, 60.59
1031, 60.58
1032, 60.55
1033, 60.53
1034, 60.5
1035, 60.51
1036, 60.56
1037, 60.71
1038, 60.84
1039, 60.96
1040, 60.97
1041, 60.87
1042, 60.79
1043, 60.83
1044, 60.76
1045, 60.75
1046, 60.83
1047, 60.96
1048, 61.02
1049, 61.08
1050, 60.99
1051, 60.95
1052, 60.9
1053, 60.88
1054, 60.85
1055, 60.87
1056, 60.96
1057, 60.95
1058, 60.99
1059, 61.03
1060, 61.07
1061, 61.06
1062, 61.06
1063, 61.05
1064, 61.07
1065, 61.06
1066, 61.04
1067, 61.08
1068, 61.16
1069, 61.2
1070, 61.22
1071, 61.22
1072, 61.24
1073, 61.24
1074, 61.22
1075, 61.26
1076, 61.27
1077, 61.23
1078, 61.2
1079, 61.19
1080, 61.13
1081, 61.1
1082, 61.15
1083, 61.23
1084, 61.32
1085, 61.31
1086, 61.34
1087, 61.38
1088, 61.45
1089, 61.44
1090, 61.43
1091, 61.44
1092, 61.46
1093, 61.47
1094, 61.46
1095, 61.43
1096, 61.42
1097, 61.38
1098, 61.36
1099, 61.36
1100, 61.31
1101, 61.31
1102, 61.28
1103, 61.26
1104, 61.28
1105, 61.32
1106, 61.41
1107, 61.51
1108, 61.62
1109, 61.69
1110, 61.73
1111, 61.81
1112, 61.83
1113, 61.85
1114, 61.82
1115, 61.67
1116, 61.57
1117, 61.59
1118, 61.62
1119, 61.6
1120, 61.55
1121, 61.57
1122, 61.58
1123, 61.59
1124, 61.67
1125, 61.68
1126, 61.7
1127, 61.68
1128, 61.72
1129, 61.76
1130, 61.8
1131, 61.86
1132, 61.75
1133, 61.65
1134, 61.64
1135, 61.69
1136, 61.7
1137, 61.7
1138, 61.69
1139, 61.68
1140, 61.66
1141, 61.62
1142, 61.58
1143, 61.61
1144, 61.62
1145, 61.64
1146, 61.64
1147, 61.65
1148, 61.64
1149, 61.62
1150, 61.64
1151, 61.59
1152, 61.53
1153, 61.49
1154, 61.48
1155, 61.39
1156, 61.34
1157, 61.35
1158, 61.34
1159, 61.33
1160, 61.33
1161, 61.33
1162, 61.29
1163, 61.2
1164, 61.16
1165, 61.17
1166, 61.16
1167, 61.18
1168, 61.23
1169, 61.2
1170, 61.15
1171, 61.17
1172, 61.16
1173, 61.16
1174, 61.2
1175, 61.27
1176, 61.22
1177, 61.16
1178, 61.06
1179, 61.06
1180, 61.1
1181, 61.17
1182, 61.12
1183, 61.06
