1, 58.41
2, 58.41
3, 59.14
4, 58.65
5, 59.14
6, 58.65
7, 58.9
8, 58.41
9, 58.9
10, 58.41
11, 58.9
12, 58.41
13, 58.65
14, 58.41
15, 58.65
16, 58.41
17, 60.85
18, 60.61
19, 60.12
20, 59.63
21, 60.12
22, 59.63
23, 59.63
24, 59.63
25, 63.29
26, 59.63
27, 59.63
28, 60.12
29, 59.63
30, 59.63
31, 59.63
32, 60.36
33, 59.63
34, 59.87
35, 59.63
36, 60.36
37, 60.12
38, 59.87
39, 60.61
40, 60.85
41, 64.03
42, 61.09
43, 60.85
44, 60.85
45, 64.03
46, 60.85
47, 61.09
48, 61.34
49, 61.09
50, 61.58
51, 60.61
52, 61.09
53, 62.81
54, 60.85
55, 60.85
56, 61.09
57, 63.78
58, 60.85
59, 61.09
60, 61.83
61, 61.58
62, 61.34
63, 61.58
64, 61.83
65, 65.0
66, 61.34
67, 61.58
68, 61.58
69, 61.83
70, 61.58
71, 62.07
72, 61.58
73, 61.58
74, 62.07
75, 61.58
76, 61.58
77, 62.07
78, 61.58
79, 61.58
80, 62.07
81, 60.12
82, 60.12
83, 60.12
84, 59.87
85, 60.12
86, 59.87
87, 60.12
88, 60.12
89, 60.36
90, 59.87
91, 59.63
92, 59.87
93, 59.63
94, 59.63
95, 61.09
96, 62.32
97, 65.74
98, 60.36
99, 60.61
100, 59.63
101, 60.12
102, 60.12
103, 61.34
104, 61.09
105, 58.9
106, 60.12
107, 55.23
108, 57.18
109, 57.18
110, 55.96
111, 63.78
112, 64.27
113, 64.03
114, 61.83
115, 58.65
116, 59.63
117, 66.72
118, 59.87
119, 59.87
120, 62.32
121, 59.38
122, 59.63
123, 61.09
124, 62.56
125, 64.76
126, 65.0
127, 63.05
128, 65.98
129, 63.54
130, 62.81
131, 63.05
132, 64.52
133, 57.67
134, 62.81
135, 58.65
136, 59.14
137, 57.92
138, 61.83
139, 62.07
140, 60.85
141, 59.38
142, 59.38
143, 59.38
144, 60.85
145, 58.16
146, 58.9
147, 63.05
148, 66.72
149, 66.23
150, 64.52
151, 64.03
152, 63.78
153, 64.27
154, 63.29
155, 64.76
156, 65.0
157, 57.18
158, 61.34
159, 58.41
160, 60.12
161, 60.85
162, 65.49
163, 62.32
164, 63.29
165, 61.09
166, 61.58
167, 56.94
168, 60.12
169, 60.61
170, 65.49
171, 56.7
172, 53.27
173, 52.54
174, 52.54
175, 68.91
176, 59.63
177, 59.14
178, 63.78
179, 57.67
180, 57.67
181, 64.76
182, 63.29
183, 63.05
184, 61.34
185, 61.83
186, 63.54
187, 62.56
188, 60.12
189, 64.52
190, 64.52
191, 59.87
192, 64.52
193, 64.76
194, 62.32
195, 59.38
196, 55.72
197, 55.72
198, 61.83
199, 57.67
200, 57.18
201, 61.34
202, 58.16
203, 53.03
204, 52.3
205, 51.81
206, 48.63
207, 48.14
208, 47.9
209, 47.9
210, 64.52
211, 62.81
212, 63.29
213, 66.72
214, 60.61
215, 61.83
216, 61.34
217, 65.74
218, 59.63
219, 59.63
220, 60.12
221, 60.36
222, 59.87
223, 57.67
224, 61.58
225, 60.61
226, 63.05
227, 57.43
228, 58.65
229, 58.9
230, 58.16
231, 60.85
232, 61.09
233, 58.16
234, 58.16
235, 60.36
236, 60.85
237, 57.43
238, 58.9
239, 59.38
240, 59.63
241, 54.25
242, 59.14
243, 59.63
244, 61.58
245, 61.34
246, 61.58
247, 62.81
248, 62.56
249, 63.05
250, 64.27
251, 59.38
252, 61.83
253, 61.83
254, 61.09
255, 57.67
256, 57.67
257, 57.92
258, 63.05
259, 65.74
260, 61.58
261, 60.12
262, 59.63
263, 59.38
264, 60.61
265, 61.09
266, 62.32
267, 63.29
268, 64.03
269, 63.54
270, 60.85
271, 56.45
272, 55.72
273, 55.96
274, 59.14
275, 63.05
276, 59.38
277, 57.43
278, 55.23
279, 59.87
280, 59.87
281, 59.87
282, 63.78
283, 66.47
284, 59.63
285, 60.85
286, 61.09
287, 61.58
288, 61.09
289, 60.85
290, 61.34
291, 61.83
292, 60.12
293, 63.54
294, 62.81
295, 60.85
296, 61.09
297, 59.63
298, 60.85
299, 61.34
300, 61.34
301, 60.12
302, 59.63
303, 58.65
304, 56.7
305, 62.56
306, 65.25
307, 63.05
308, 63.54
309, 65.74
310, 66.23
311, 62.81
312, 53.27
313, 53.76
314, 54.01
315, 56.7
316, 69.89
317, 70.38
318, 65.49
319, 64.27
320, 68.18
321, 61.09
322, 62.07
323, 62.07
324, 65.74
325, 69.65
326, 70.14
327, 58.65
328, 53.76
329, 48.39
330, 48.88
331, 59.14
332, 59.63
333, 66.72
334, 63.05
335, 63.05
336, 65.0
337, 64.03
338, 62.81
339, 59.63
340, 62.56
341, 63.05
342, 63.05
343, 58.9
344, 59.14
345, 59.38
346, 56.7
347, 47.9
348, 51.08
349, 51.08
350, 52.05
351, 52.79
352, 52.54
353, 64.27
354, 62.56
355, 67.94
356, 68.43
357, 60.36
358, 58.65
359, 58.65
360, 56.45
361, 55.96
362, 58.41
363, 64.76
364, 65.49
365, 67.2
366, 57.18
367, 65.74
368, 66.23
369, 63.05
370, 63.54
371, 63.54
372, 60.36
373, 52.3
374, 52.3
375, 52.3
376, 52.3
377, 52.79
378, 53.03
379, 52.79
380, 68.67
381, 69.65
382, 64.52
383, 64.03
384, 61.83
385, 62.56
386, 64.76
387, 64.27
388, 63.05
389, 60.85
390, 60.85
391, 66.23
392, 69.65
393, 62.56
394, 61.83
395, 50.34
396, 64.76
397, 65.0
398, 65.0
399, 64.76
400, 65.49
401, 67.45
402, 69.89
403, 67.2
404, 62.32
405, 64.27
406, 64.27
407, 61.58
408, 60.12
409, 60.85
410, 52.3
411, 53.27
412, 64.03
413, 61.09
414, 64.52
415, 60.61
416, 60.61
417, 67.45
418, 66.72
419, 66.96
420, 64.03
421, 63.05
422, 57.67
423, 58.65
424, 60.12
425, 57.67
426, 57.92
427, 58.9
428, 58.9
429, 58.65
430, 56.94
431, 64.52
432, 61.83
433, 61.83
434, 62.07
435, 62.81
436, 63.54
437, 57.43
438, 50.1
439, 56.21
440, 52.54
441, 58.65
442, 58.41
443, 58.41
444, 58.41
445, 65.25
446, 63.29
447, 63.54
448, 64.76
449, 60.85
450, 63.78
451, 60.36
452, 68.18
453, 62.32
454, 62.81
455, 62.32
456, 58.16
457, 57.92
458, 65.0
459, 69.89
460, 62.56
461, 63.78
462, 59.38
463, 62.56
464, 62.81
465, 60.36
466, 60.36
467, 65.49
468, 65.49
469, 63.78
470, 58.9
471, 59.14
472, 63.29
473, 64.76
474, 65.0
475, 58.16
476, 60.36
477, 64.03
478, 64.76
479, 62.81
480, 60.12
481, 59.87
482, 62.81
483, 55.96
484, 55.72
485, 62.32
486, 62.56
487, 63.29
488, 66.72
489, 61.58
490, 58.65
491, 58.16
492, 58.9
493, 56.45
494, 56.7
495, 54.25
496, 63.05
497, 63.05
498, 63.05
499, 64.76
500, 63.05
501, 63.05
502, 59.63
503, 63.54
504, 62.81
505, 62.81
506, 65.49
507, 65.98
508, 68.91
509, 61.83
510, 59.14
511, 59.14
512, 62.56
513, 65.0
514, 63.78
515, 63.78
516, 61.34
517, 65.0
518, 65.0
519, 61.83
520, 61.58
521, 61.58
522, 62.07
523, 61.83
524, 57.67
525, 57.67
526, 54.74
527, 64.27
528, 63.78
529, 64.52
530, 63.54
531, 65.0
532, 57.43
533, 57.67
534, 62.81
535, 55.96
536, 55.47
537, 59.14
538, 56.94
539, 56.94
540, 62.81
541, 63.05
542, 60.12
543, 59.87
544, 59.38
545, 58.16
546, 58.16
547, 62.07
548, 62.32
549, 61.83
550, 60.36
551, 63.05
552, 54.5
553, 54.74
554, 56.7
555, 54.25
556, 54.99
557, 53.03
558, 52.05
559, 52.54
560, 56.7
561, 54.74
562, 51.56
563, 51.56
564, 56.45
565, 54.74
566, 54.5
567, 64.76
568, 61.09
569, 61.34
570, 62.07
571, 57.67
572, 61.09
573, 60.85
574, 55.96
575, 63.78
576, 63.29
577, 62.07
578, 62.07
579, 55.72
580, 55.72
581, 58.9
582, 50.59
583, 51.32
584, 59.87
585, 59.14
586, 56.7
587, 63.05
588, 52.05
589, 51.08
590, 59.63
591, 57.92
592, 57.43
593, 65.74
594, 62.81
595, 62.07
596, 62.07
597, 58.9
598, 60.85
599, 60.12
600, 56.94
601, 60.85
602, 60.61
603, 66.96
604, 64.27
605, 63.78
606, 64.52
607, 63.54
608, 61.58
609, 58.41
610, 58.16
611, 59.63
612, 57.43
613, 63.29
614, 55.23
615, 53.52
616, 54.99
617, 58.16
618, 62.07
619, 61.34
620, 64.76
621, 65.0
622, 65.0
623, 62.56
624, 65.49
625, 64.52
626, 65.74
627, 63.78
628, 60.85
629, 60.85
630, 61.58
631, 59.14
632, 59.14
633, 61.09
634, 54.99
635, 61.34
636, 61.34
637, 64.03
638, 61.58
639, 58.9
640, 59.14
641, 60.85
642, 60.85
643, 66.23
644, 66.23
645, 59.63
646, 59.38
647, 65.0
648, 64.27
649, 64.52
650, 57.92
651, 60.85
652, 63.54
653, 63.54
654, 55.96
655, 55.72
656, 59.38
657, 60.61
658, 57.67
659, 57.67
660, 61.83
661, 65.0
662, 65.0
663, 65.25
664, 64.27
665, 59.87
666, 59.14
667, 59.87
668, 63.29
669, 66.23
670, 58.9
671, 55.23
672, 57.18
673, 57.43
674, 58.9
675, 59.87
676, 59.87
677, 65.98
678, 65.0
679, 64.76
680, 66.96
681, 63.78
682, 61.58
683, 61.58
684, 61.09
685, 58.41
686, 58.9
687, 56.7
688, 58.41
689, 58.9
690, 58.9
691, 61.58
692, 65.49
693, 65.49
694, 65.25
695, 62.81
696, 63.29
697, 60.85
698, 55.47
699, 56.45
700, 65.49
701, 59.38
702, 56.21
703, 56.21
704, 57.43
705, 59.14
706, 58.65
707, 61.58
708, 60.12
709, 64.52
710, 64.52
711, 63.29
712, 62.32
713, 62.56
714, 58.9
715, 58.65
716, 67.45
717, 66.96
718, 64.03
719, 61.34
720, 57.67
721, 55.72
722, 57.43
723, 57.67
724, 57.67
725, 62.56
726, 64.27
727, 64.27
728, 65.49
729, 62.32
730, 65.74
731, 65.49
732, 64.52
733, 58.41
734, 58.65
735, 54.74
736, 54.74
737, 54.5
738, 55.23
739, 62.81
740, 57.18
741, 57.18
742, 65.49
743, 62.56
744, 62.32
745, 63.54
746, 58.41
747, 58.41
748, 63.05
749, 60.85
750, 62.56
751, 62.32
752, 59.87
753, 62.32
754, 62.56
755, 62.07
756, 53.76
757, 66.23
758, 63.78
759, 62.56
760, 57.92
761, 57.43
762, 52.54
763, 57.67
764, 54.99
765, 65.74
766, 65.49
767, 66.96
768, 66.23
769, 62.32
770, 64.76
771, 64.52
772, 63.29
773, 57.67
774, 57.18
775, 52.3
776, 61.34
777, 63.78
778, 63.78
779, 59.87
780, 64.52
781, 64.27
782, 60.85
783, 59.63
784, 60.12
785, 52.54
786, 55.72
787, 57.92
788, 58.16
789, 59.38
790, 57.18
791, 56.94
792, 58.65
793, 66.47
794, 59.38
795, 59.38
796, 61.58
797, 64.03
798, 63.54
799, 61.34
800, 58.16
801, 59.63
802, 54.5
803, 51.32
804, 54.99
805, 55.23
806, 58.9
807, 64.03
808, 63.54
809, 64.76
810, 60.61
811, 60.61
812, 61.83
813, 62.07
814, 63.54
815, 63.78
816, 65.0
817, 65.49
818, 63.78
819, 60.36
820, 58.41
821, 53.76
822, 58.65
823, 70.14
824, 66.47
825, 66.23
826, 59.63
827, 59.14
828, 65.49
829, 65.98
830, 64.76
831, 65.0
832, 64.76
833, 58.9
834, 59.14
835, 54.74
836, 63.29
837, 63.29
838, 64.27
839, 65.0
840, 63.29
841, 63.29
842, 61.09
843, 57.67
844, 57.67
845, 56.45
846, 54.5
847, 54.25
848, 62.56
849, 61.34
850, 61.58
851, 61.58
852, 63.78
853, 63.54
854, 63.54
855, 58.9
856, 62.32
857, 57.18
858, 56.45
859, 63.29
860, 61.83
861, 61.83
862, 63.54
863, 62.07
864, 62.07
865, 57.18
866, 56.94
867, 65.0
868, 65.25
869, 65.25
870, 63.78
871, 54.99
872, 54.74
873, 67.69
874, 63.54
875, 63.54
876, 63.29
877, 63.54
878, 63.54
879, 66.47
880, 65.98
881, 67.2
882, 67.2
883, 63.29
884, 64.27
885, 65.49
886, 65.0
887, 67.2
888, 66.72
889, 67.45
890, 63.29
891, 63.78
892, 62.56
893, 63.78
894, 64.27
895, 55.96
896, 59.87
897, 65.98
898, 64.27
899, 64.76
900, 65.49
901, 65.49
902, 65.0
903, 67.94
904, 65.0
905, 68.18
906, 59.38
907, 58.16
908, 56.45
909, 63.78
910, 52.05
911, 49.61
912, 54.25
913, 61.34
914, 62.07
915, 63.05
916, 60.12
917, 59.87
918, 64.03
919, 64.27
920, 60.61
921, 61.58
922, 63.54
923, 63.05
924, 63.05
925, 54.5
926, 63.54
927, 63.05
928, 61.58
929, 61.83
930, 60.61
931, 57.67
932, 56.21
933, 55.72
934, 55.72
935, 59.38
936, 61.83
937, 62.32
938, 61.83
939, 59.63
940, 55.47
941, 52.3
942, 51.56
943, 51.81
944, 51.56
945, 52.79
946, 65.98
947, 63.78
948, 64.27
949, 66.96
950, 61.83
951, 61.58
952, 55.96
953, 57.18
954, 57.18
955, 65.98
956, 63.78
957, 64.27
958, 64.27
959, 63.78
960, 57.18
961, 57.43
962, 66.47
963, 60.12
964, 59.63
965, 62.32
966, 63.54
967, 62.81
968, 61.83
969, 60.61
970, 62.56
971, 62.07
972, 57.92
973, 56.45
974, 59.87
975, 59.87
976, 62.32
977, 60.36
978, 60.85
979, 64.27
980, 60.12
981, 60.12
982, 64.27
983, 61.34
984, 62.81
985, 62.81
986, 62.56
987, 54.99
988, 54.99
989, 54.74
990, 59.87
991, 56.7
992, 59.87
993, 59.87
994, 63.29
995, 63.05
996, 62.32
997, 61.34
998, 62.07
999, 62.07
1000, 62.07
1001, 60.85
1002, 64.76
1003, 63.54
1004, 63.54
1005, 63.78
1006, 59.38
1007, 63.05
1008, 62.81
1009, 60.36
1010, 59.14
1011, 54.74
1012, 54.99
1013, 52.3
1014, 56.45
1015, 57.18
1016, 55.23
1017, 60.61
1018, 60.61
1019, 66.23
1020, 64.27
1021, 59.87
1022, 60.12
1023, 62.07
1024, 67.2
1025, 66.72
1026, 58.41
1027, 63.05
1028, 63.54
1029, 62.07
1030, 61.58
1031, 60.36
1032, 60.36
1033, 59.38
1034, 56.45
1035, 56.45
1036, 57.67
1037, 65.49
1038, 64.27
1039, 63.05
1040, 53.27
1041, 56.45
1042, 56.45
1043, 68.43
1044, 60.36
1045, 60.36
1046, 69.16
1047, 68.91
1048, 62.56
1049, 62.56
1050, 58.16
1051, 59.63
1052, 59.38
1053, 62.07
1054, 61.58
1055, 58.9
1056, 65.98
1057, 65.0
1058, 64.27
1059, 63.29
1060, 66.72
1061, 62.07
1062, 62.81
1063, 60.85
1064, 62.32
1065, 62.32
1066, 60.12
1067, 61.83
1068, 64.03
1069, 63.29
1070, 61.58
1071, 62.32
1072, 62.32
1073, 60.85
1074, 62.56
1075, 64.27
1076, 60.85
1077, 59.87
1078, 58.65
1079, 61.83
1080, 57.18
1081, 59.87
1082, 60.12
1083, 62.32
1084, 63.29
1085, 58.9
1086, 59.14
1087, 64.03
1088, 66.23
1089, 62.81
1090, 62.32
1091, 63.05
1092, 63.05
1093, 63.05
1094, 60.85
1095, 59.63
1096, 59.63
1097, 60.61
1098, 62.56
1099, 63.05
1100, 59.38
1101, 59.14
1102, 59.87
1103, 61.09
1104, 62.56
1105, 63.05
1106, 62.56
1107, 65.0
1108, 62.81
1109, 62.81
1110, 61.09
1111, 62.56
1112, 62.32
1113, 62.56
1114, 63.78
1115, 50.1
1116, 50.1
1117, 62.32
1118, 65.0
1119, 65.49
1120, 61.83
1121, 59.87
1122, 64.27
1123, 64.76
1124, 68.91
1125, 62.56
1126, 62.56
1127, 58.65
1128, 63.29
1129, 59.87
1130, 60.85
1131, 63.05
1132, 54.99
1133, 54.99
1134, 61.83
1135, 57.92
1136, 57.67
1137, 56.7
1138, 67.2
1139, 58.9
1140, 58.9
1141, 65.49
1142, 65.25
1143, 65.25
1144, 63.05
1145, 59.87
1146, 59.87
1147, 60.61
1148, 61.09
1149, 59.87
1150, 60.12
1151, 61.34
1152, 59.87
1153, 60.36
1154, 61.83
1155, 58.16
1156, 58.16
1157, 63.29
1158, 59.63
1159, 62.07
1160, 61.58
1161, 60.36
1162, 58.16
1163, 55.72
1164, 59.38
1165, 62.56
1166, 61.58
1167, 64.27
1168, 65.25
1169, 59.87
1170, 59.63
1171, 62.81
1172, 58.9
1173, 58.16
1174, 65.25
1175, 64.52
1176, 54.74
1177, 54.74
1178, 53.03
1179, 63.29
1180, 62.32
1181, 65.49
1182, 59.63
1183, 60.36
